#Target Periodic Utilization = 100.00
#tid	wcet	et	prd	req_tim
0	1	1	10	0
0	1	1	10	10
0	1	1	10	20
0	1	1	10	30
0	1	1	10	40
0	1	1	10	50
0	1	1	10	60
0	1	1	10	70
0	1	1	10	80
0	1	1	10	90
0	1	1	10	100
0	1	1	10	110
0	1	1	10	120
0	1	1	10	130
0	1	1	10	140
0	1	1	10	150
0	1	1	10	160
0	1	1	10	170
0	1	1	10	180
0	1	1	10	190
0	1	1	10	200
0	1	1	10	210
0	1	1	10	220
0	1	1	10	230
0	1	1	10	240
0	1	1	10	250
0	1	1	10	260
0	1	1	10	270
0	1	1	10	280
0	1	1	10	290
0	1	1	10	300
0	1	1	10	310
0	1	1	10	320
0	1	1	10	330
0	1	1	10	340
0	1	1	10	350
0	1	1	10	360
0	1	1	10	370
0	1	1	10	380
0	1	1	10	390
0	1	1	10	400
0	1	1	10	410
0	1	1	10	420
0	1	1	10	430
0	1	1	10	440
0	1	1	10	450
0	1	1	10	460
0	1	1	10	470
0	1	1	10	480
0	1	1	10	490
0	1	1	10	500
0	1	1	10	510
0	1	1	10	520
0	1	1	10	530
0	1	1	10	540
0	1	1	10	550
0	1	1	10	560
0	1	1	10	570
0	1	1	10	580
0	1	1	10	590
0	1	1	10	600
0	1	1	10	610
0	1	1	10	620
0	1	1	10	630
0	1	1	10	640
0	1	1	10	650
0	1	1	10	660
0	1	1	10	670
0	1	1	10	680
0	1	1	10	690
0	1	1	10	700
0	1	1	10	710
0	1	1	10	720
0	1	1	10	730
0	1	1	10	740
0	1	1	10	750
0	1	1	10	760
0	1	1	10	770
0	1	1	10	780
0	1	1	10	790
0	1	1	10	800
0	1	1	10	810
0	1	1	10	820
0	1	1	10	830
0	1	1	10	840
0	1	1	10	850
0	1	1	10	860
0	1	1	10	870
0	1	1	10	880
0	1	1	10	890
0	1	1	10	900
0	1	1	10	910
0	1	1	10	920
0	1	1	10	930
0	1	1	10	940
0	1	1	10	950
0	1	1	10	960
0	1	1	10	970
0	1	1	10	980
0	1	1	10	990
1	12	8	20	0
1	12	8	20	20
1	12	8	20	40
1	12	8	20	60
1	12	8	20	80
1	12	8	20	100
1	12	8	20	120
1	12	8	20	140
1	12	8	20	160
1	12	8	20	180
1	12	8	20	200
1	12	8	20	220
1	12	8	20	240
1	12	8	20	260
1	12	8	20	280
1	12	8	20	300
1	12	8	20	320
1	12	8	20	340
1	12	8	20	360
1	12	8	20	380
1	12	8	20	400
1	12	8	20	420
1	12	8	20	440
1	12	8	20	460
1	12	8	20	480
1	12	8	20	500
1	12	8	20	520
1	12	8	20	540
1	12	8	20	560
1	12	8	20	580
1	12	8	20	600
1	12	8	20	620
1	12	8	20	640
1	12	8	20	660
1	12	8	20	680
1	12	8	20	700
1	12	8	20	720
1	12	8	20	740
1	12	8	20	760
1	12	8	20	780
1	12	8	20	800
1	12	8	20	820
1	12	8	20	840
1	12	8	20	860
1	12	8	20	880
1	12	8	20	900
1	12	8	20	920
1	12	8	20	940
1	12	8	20	960
1	12	8	20	980
2	12	10	30	0
2	12	10	30	30
2	12	10	30	60
2	12	10	30	90
2	12	10	30	120
2	12	10	30	150
2	12	10	30	180
2	12	10	30	210
2	12	10	30	240
2	12	10	30	270
2	12	10	30	300
2	12	10	30	330
2	12	10	30	360
2	12	10	30	390
2	12	10	30	420
2	12	10	30	450
2	12	10	30	480
2	12	10	30	510
2	12	10	30	540
2	12	10	30	570
2	12	10	30	600
2	12	10	30	630
2	12	10	30	660
2	12	10	30	690
2	12	10	30	720
2	12	10	30	750
2	12	10	30	780
2	12	10	30	810
2	12	10	30	840
2	12	10	30	870
2	12	10	30	900
2	12	10	30	930
2	12	10	30	960
2	12	10	30	990
3	6	5	20	0
3	6	5	20	20
3	6	5	20	40
3	6	5	20	60
3	6	5	20	80
3	6	5	20	100
3	6	5	20	120
3	6	5	20	140
3	6	5	20	160
3	6	5	20	180
3	6	5	20	200
3	6	5	20	220
3	6	5	20	240
3	6	5	20	260
3	6	5	20	280
3	6	5	20	300
3	6	5	20	320
3	6	5	20	340
3	6	5	20	360
3	6	5	20	380
3	6	5	20	400
3	6	5	20	420
3	6	5	20	440
3	6	5	20	460
3	6	5	20	480
3	6	5	20	500
3	6	5	20	520
3	6	5	20	540
3	6	5	20	560
3	6	5	20	580
3	6	5	20	600
3	6	5	20	620
3	6	5	20	640
3	6	5	20	660
3	6	5	20	680
3	6	5	20	700
3	6	5	20	720
3	6	5	20	740
3	6	5	20	760
3	6	5	20	780
3	6	5	20	800
3	6	5	20	820
3	6	5	20	840
3	6	5	20	860
3	6	5	20	880
3	6	5	20	900
3	6	5	20	920
3	6	5	20	940
3	6	5	20	960
3	6	5	20	980
4	9	5	30	0
4	9	5	30	30
4	9	5	30	60
4	9	5	30	90
4	9	5	30	120
4	9	5	30	150
4	9	5	30	180
4	9	5	30	210
4	9	5	30	240
4	9	5	30	270
4	9	5	30	300
4	9	5	30	330
4	9	5	30	360
4	9	5	30	390
4	9	5	30	420
4	9	5	30	450
4	9	5	30	480
4	9	5	30	510
4	9	5	30	540
4	9	5	30	570
4	9	5	30	600
4	9	5	30	630
4	9	5	30	660
4	9	5	30	690
4	9	5	30	720
4	9	5	30	750
4	9	5	30	780
4	9	5	30	810
4	9	5	30	840
4	9	5	30	870
4	9	5	30	900
4	9	5	30	930
4	9	5	30	960
4	9	5	30	990
5	28	27	40	0
5	28	27	40	40
5	28	27	40	80
5	28	27	40	120
5	28	27	40	160
5	28	27	40	200
5	28	27	40	240
5	28	27	40	280
5	28	27	40	320
5	28	27	40	360
5	28	27	40	400
5	28	27	40	440
5	28	27	40	480
5	28	27	40	520
5	28	27	40	560
5	28	27	40	600
5	28	27	40	640
5	28	27	40	680
5	28	27	40	720
5	28	27	40	760
5	28	27	40	800
5	28	27	40	840
5	28	27	40	880
5	28	27	40	920
5	28	27	40	960
6	24	16	40	0
6	24	16	40	40
6	24	16	40	80
6	24	16	40	120
6	24	16	40	160
6	24	16	40	200
6	24	16	40	240
6	24	16	40	280
6	24	16	40	320
6	24	16	40	360
6	24	16	40	400
6	24	16	40	440
6	24	16	40	480
6	24	16	40	520
6	24	16	40	560
6	24	16	40	600
6	24	16	40	640
6	24	16	40	680
6	24	16	40	720
6	24	16	40	760
6	24	16	40	800
6	24	16	40	840
6	24	16	40	880
6	24	16	40	920
6	24	16	40	960
7	6	5	20	0
7	6	5	20	20
7	6	5	20	40
7	6	5	20	60
7	6	5	20	80
7	6	5	20	100
7	6	5	20	120
7	6	5	20	140
7	6	5	20	160
7	6	5	20	180
7	6	5	20	200
7	6	5	20	220
7	6	5	20	240
7	6	5	20	260
7	6	5	20	280
7	6	5	20	300
7	6	5	20	320
7	6	5	20	340
7	6	5	20	360
7	6	5	20	380
7	6	5	20	400
7	6	5	20	420
7	6	5	20	440
7	6	5	20	460
7	6	5	20	480
7	6	5	20	500
7	6	5	20	520
7	6	5	20	540
7	6	5	20	560
7	6	5	20	580
7	6	5	20	600
7	6	5	20	620
7	6	5	20	640
7	6	5	20	660
7	6	5	20	680
7	6	5	20	700
7	6	5	20	720
7	6	5	20	740
7	6	5	20	760
7	6	5	20	780
7	6	5	20	800
7	6	5	20	820
7	6	5	20	840
7	6	5	20	860
7	6	5	20	880
7	6	5	20	900
7	6	5	20	920
7	6	5	20	940
7	6	5	20	960
7	6	5	20	980
8	24	17	60	0
8	24	17	60	60
8	24	17	60	120
8	24	17	60	180
8	24	17	60	240
8	24	17	60	300
8	24	17	60	360
8	24	17	60	420
8	24	17	60	480
8	24	17	60	540
8	24	17	60	600
8	24	17	60	660
8	24	17	60	720
8	24	17	60	780
8	24	17	60	840
8	24	17	60	900
8	24	17	60	960
9	15	14	30	0
9	15	14	30	30
9	15	14	30	60
9	15	14	30	90
9	15	14	30	120
9	15	14	30	150
9	15	14	30	180
9	15	14	30	210
9	15	14	30	240
9	15	14	30	270
9	15	14	30	300
9	15	14	30	330
9	15	14	30	360
9	15	14	30	390
9	15	14	30	420
9	15	14	30	450
9	15	14	30	480
9	15	14	30	510
9	15	14	30	540
9	15	14	30	570
9	15	14	30	600
9	15	14	30	630
9	15	14	30	660
9	15	14	30	690
9	15	14	30	720
9	15	14	30	750
9	15	14	30	780
9	15	14	30	810
9	15	14	30	840
9	15	14	30	870
9	15	14	30	900
9	15	14	30	930
9	15	14	30	960
9	15	14	30	990
10	2	1	20	0
10	2	1	20	20
10	2	1	20	40
10	2	1	20	60
10	2	1	20	80
10	2	1	20	100
10	2	1	20	120
10	2	1	20	140
10	2	1	20	160
10	2	1	20	180
10	2	1	20	200
10	2	1	20	220
10	2	1	20	240
10	2	1	20	260
10	2	1	20	280
10	2	1	20	300
10	2	1	20	320
10	2	1	20	340
10	2	1	20	360
10	2	1	20	380
10	2	1	20	400
10	2	1	20	420
10	2	1	20	440
10	2	1	20	460
10	2	1	20	480
10	2	1	20	500
10	2	1	20	520
10	2	1	20	540
10	2	1	20	560
10	2	1	20	580
10	2	1	20	600
10	2	1	20	620
10	2	1	20	640
10	2	1	20	660
10	2	1	20	680
10	2	1	20	700
10	2	1	20	720
10	2	1	20	740
10	2	1	20	760
10	2	1	20	780
10	2	1	20	800
10	2	1	20	820
10	2	1	20	840
10	2	1	20	860
10	2	1	20	880
10	2	1	20	900
10	2	1	20	920
10	2	1	20	940
10	2	1	20	960
10	2	1	20	980
11	5	3	50	0
11	5	3	50	50
11	5	3	50	100
11	5	3	50	150
11	5	3	50	200
11	5	3	50	250
11	5	3	50	300
11	5	3	50	350
11	5	3	50	400
11	5	3	50	450
11	5	3	50	500
11	5	3	50	550
11	5	3	50	600
11	5	3	50	650
11	5	3	50	700
11	5	3	50	750
11	5	3	50	800
11	5	3	50	850
11	5	3	50	900
11	5	3	50	950
12	3	3	30	0
12	3	3	30	30
12	3	3	30	60
12	3	3	30	90
12	3	3	30	120
12	3	3	30	150
12	3	3	30	180
12	3	3	30	210
12	3	3	30	240
12	3	3	30	270
12	3	3	30	300
12	3	3	30	330
12	3	3	30	360
12	3	3	30	390
12	3	3	30	420
12	3	3	30	450
12	3	3	30	480
12	3	3	30	510
12	3	3	30	540
12	3	3	30	570
12	3	3	30	600
12	3	3	30	630
12	3	3	30	660
12	3	3	30	690
12	3	3	30	720
12	3	3	30	750
12	3	3	30	780
12	3	3	30	810
12	3	3	30	840
12	3	3	30	870
12	3	3	30	900
12	3	3	30	930
12	3	3	30	960
12	3	3	30	990
13	2	1	20	0
13	2	1	20	20
13	2	1	20	40
13	2	1	20	60
13	2	1	20	80
13	2	1	20	100
13	2	1	20	120
13	2	1	20	140
13	2	1	20	160
13	2	1	20	180
13	2	1	20	200
13	2	1	20	220
13	2	1	20	240
13	2	1	20	260
13	2	1	20	280
13	2	1	20	300
13	2	1	20	320
13	2	1	20	340
13	2	1	20	360
13	2	1	20	380
13	2	1	20	400
13	2	1	20	420
13	2	1	20	440
13	2	1	20	460
13	2	1	20	480
13	2	1	20	500
13	2	1	20	520
13	2	1	20	540
13	2	1	20	560
13	2	1	20	580
13	2	1	20	600
13	2	1	20	620
13	2	1	20	640
13	2	1	20	660
13	2	1	20	680
13	2	1	20	700
13	2	1	20	720
13	2	1	20	740
13	2	1	20	760
13	2	1	20	780
13	2	1	20	800
13	2	1	20	820
13	2	1	20	840
13	2	1	20	860
13	2	1	20	880
13	2	1	20	900
13	2	1	20	920
13	2	1	20	940
13	2	1	20	960
13	2	1	20	980
14	4	3	10	0
14	4	3	10	10
14	4	3	10	20
14	4	3	10	30
14	4	3	10	40
14	4	3	10	50
14	4	3	10	60
14	4	3	10	70
14	4	3	10	80
14	4	3	10	90
14	4	3	10	100
14	4	3	10	110
14	4	3	10	120
14	4	3	10	130
14	4	3	10	140
14	4	3	10	150
14	4	3	10	160
14	4	3	10	170
14	4	3	10	180
14	4	3	10	190
14	4	3	10	200
14	4	3	10	210
14	4	3	10	220
14	4	3	10	230
14	4	3	10	240
14	4	3	10	250
14	4	3	10	260
14	4	3	10	270
14	4	3	10	280
14	4	3	10	290
14	4	3	10	300
14	4	3	10	310
14	4	3	10	320
14	4	3	10	330
14	4	3	10	340
14	4	3	10	350
14	4	3	10	360
14	4	3	10	370
14	4	3	10	380
14	4	3	10	390
14	4	3	10	400
14	4	3	10	410
14	4	3	10	420
14	4	3	10	430
14	4	3	10	440
14	4	3	10	450
14	4	3	10	460
14	4	3	10	470
14	4	3	10	480
14	4	3	10	490
14	4	3	10	500
14	4	3	10	510
14	4	3	10	520
14	4	3	10	530
14	4	3	10	540
14	4	3	10	550
14	4	3	10	560
14	4	3	10	570
14	4	3	10	580
14	4	3	10	590
14	4	3	10	600
14	4	3	10	610
14	4	3	10	620
14	4	3	10	630
14	4	3	10	640
14	4	3	10	650
14	4	3	10	660
14	4	3	10	670
14	4	3	10	680
14	4	3	10	690
14	4	3	10	700
14	4	3	10	710
14	4	3	10	720
14	4	3	10	730
14	4	3	10	740
14	4	3	10	750
14	4	3	10	760
14	4	3	10	770
14	4	3	10	780
14	4	3	10	790
14	4	3	10	800
14	4	3	10	810
14	4	3	10	820
14	4	3	10	830
14	4	3	10	840
14	4	3	10	850
14	4	3	10	860
14	4	3	10	870
14	4	3	10	880
14	4	3	10	890
14	4	3	10	900
14	4	3	10	910
14	4	3	10	920
14	4	3	10	930
14	4	3	10	940
14	4	3	10	950
14	4	3	10	960
14	4	3	10	970
14	4	3	10	980
14	4	3	10	990
15	8	7	40	0
15	8	7	40	40
15	8	7	40	80
15	8	7	40	120
15	8	7	40	160
15	8	7	40	200
15	8	7	40	240
15	8	7	40	280
15	8	7	40	320
15	8	7	40	360
15	8	7	40	400
15	8	7	40	440
15	8	7	40	480
15	8	7	40	520
15	8	7	40	560
15	8	7	40	600
15	8	7	40	640
15	8	7	40	680
15	8	7	40	720
15	8	7	40	760
15	8	7	40	800
15	8	7	40	840
15	8	7	40	880
15	8	7	40	920
15	8	7	40	960
16	8	6	40	0
16	8	6	40	40
16	8	6	40	80
16	8	6	40	120
16	8	6	40	160
16	8	6	40	200
16	8	6	40	240
16	8	6	40	280
16	8	6	40	320
16	8	6	40	360
16	8	6	40	400
16	8	6	40	440
16	8	6	40	480
16	8	6	40	520
16	8	6	40	560
16	8	6	40	600
16	8	6	40	640
16	8	6	40	680
16	8	6	40	720
16	8	6	40	760
16	8	6	40	800
16	8	6	40	840
16	8	6	40	880
16	8	6	40	920
16	8	6	40	960
17	6	3	60	0
17	6	3	60	60
17	6	3	60	120
17	6	3	60	180
17	6	3	60	240
17	6	3	60	300
17	6	3	60	360
17	6	3	60	420
17	6	3	60	480
17	6	3	60	540
17	6	3	60	600
17	6	3	60	660
17	6	3	60	720
17	6	3	60	780
17	6	3	60	840
17	6	3	60	900
17	6	3	60	960
18	15	7	50	0
18	15	7	50	50
18	15	7	50	100
18	15	7	50	150
18	15	7	50	200
18	15	7	50	250
18	15	7	50	300
18	15	7	50	350
18	15	7	50	400
18	15	7	50	450
18	15	7	50	500
18	15	7	50	550
18	15	7	50	600
18	15	7	50	650
18	15	7	50	700
18	15	7	50	750
18	15	7	50	800
18	15	7	50	850
18	15	7	50	900
18	15	7	50	950
19	36	24	60	0
19	36	24	60	60
19	36	24	60	120
19	36	24	60	180
19	36	24	60	240
19	36	24	60	300
19	36	24	60	360
19	36	24	60	420
19	36	24	60	480
19	36	24	60	540
19	36	24	60	600
19	36	24	60	660
19	36	24	60	720
19	36	24	60	780
19	36	24	60	840
19	36	24	60	900
19	36	24	60	960
20	4	4	40	0
20	4	4	40	40
20	4	4	40	80
20	4	4	40	120
20	4	4	40	160
20	4	4	40	200
20	4	4	40	240
20	4	4	40	280
20	4	4	40	320
20	4	4	40	360
20	4	4	40	400
20	4	4	40	440
20	4	4	40	480
20	4	4	40	520
20	4	4	40	560
20	4	4	40	600
20	4	4	40	640
20	4	4	40	680
20	4	4	40	720
20	4	4	40	760
20	4	4	40	800
20	4	4	40	840
20	4	4	40	880
20	4	4	40	920
20	4	4	40	960
21	5	5	50	0
21	5	5	50	50
21	5	5	50	100
21	5	5	50	150
21	5	5	50	200
21	5	5	50	250
21	5	5	50	300
21	5	5	50	350
21	5	5	50	400
21	5	5	50	450
21	5	5	50	500
21	5	5	50	550
21	5	5	50	600
21	5	5	50	650
21	5	5	50	700
21	5	5	50	750
21	5	5	50	800
21	5	5	50	850
21	5	5	50	900
21	5	5	50	950
22	10	5	20	0
22	10	5	20	20
22	10	5	20	40
22	10	5	20	60
22	10	5	20	80
22	10	5	20	100
22	10	5	20	120
22	10	5	20	140
22	10	5	20	160
22	10	5	20	180
22	10	5	20	200
22	10	5	20	220
22	10	5	20	240
22	10	5	20	260
22	10	5	20	280
22	10	5	20	300
22	10	5	20	320
22	10	5	20	340
22	10	5	20	360
22	10	5	20	380
22	10	5	20	400
22	10	5	20	420
22	10	5	20	440
22	10	5	20	460
22	10	5	20	480
22	10	5	20	500
22	10	5	20	520
22	10	5	20	540
22	10	5	20	560
22	10	5	20	580
22	10	5	20	600
22	10	5	20	620
22	10	5	20	640
22	10	5	20	660
22	10	5	20	680
22	10	5	20	700
22	10	5	20	720
22	10	5	20	740
22	10	5	20	760
22	10	5	20	780
22	10	5	20	800
22	10	5	20	820
22	10	5	20	840
22	10	5	20	860
22	10	5	20	880
22	10	5	20	900
22	10	5	20	920
22	10	5	20	940
22	10	5	20	960
22	10	5	20	980
23	24	14	60	0
23	24	14	60	60
23	24	14	60	120
23	24	14	60	180
23	24	14	60	240
23	24	14	60	300
23	24	14	60	360
23	24	14	60	420
23	24	14	60	480
23	24	14	60	540
23	24	14	60	600
23	24	14	60	660
23	24	14	60	720
23	24	14	60	780
23	24	14	60	840
23	24	14	60	900
23	24	14	60	960
24	24	20	60	0
24	24	20	60	60
24	24	20	60	120
24	24	20	60	180
24	24	20	60	240
24	24	20	60	300
24	24	20	60	360
24	24	20	60	420
24	24	20	60	480
24	24	20	60	540
24	24	20	60	600
24	24	20	60	660
24	24	20	60	720
24	24	20	60	780
24	24	20	60	840
24	24	20	60	900
24	24	20	60	960
25	5	5	10	0
25	5	5	10	10
25	5	5	10	20
25	5	5	10	30
25	5	5	10	40
25	5	5	10	50
25	5	5	10	60
25	5	5	10	70
25	5	5	10	80
25	5	5	10	90
25	5	5	10	100
25	5	5	10	110
25	5	5	10	120
25	5	5	10	130
25	5	5	10	140
25	5	5	10	150
25	5	5	10	160
25	5	5	10	170
25	5	5	10	180
25	5	5	10	190
25	5	5	10	200
25	5	5	10	210
25	5	5	10	220
25	5	5	10	230
25	5	5	10	240
25	5	5	10	250
25	5	5	10	260
25	5	5	10	270
25	5	5	10	280
25	5	5	10	290
25	5	5	10	300
25	5	5	10	310
25	5	5	10	320
25	5	5	10	330
25	5	5	10	340
25	5	5	10	350
25	5	5	10	360
25	5	5	10	370
25	5	5	10	380
25	5	5	10	390
25	5	5	10	400
25	5	5	10	410
25	5	5	10	420
25	5	5	10	430
25	5	5	10	440
25	5	5	10	450
25	5	5	10	460
25	5	5	10	470
25	5	5	10	480
25	5	5	10	490
25	5	5	10	500
25	5	5	10	510
25	5	5	10	520
25	5	5	10	530
25	5	5	10	540
25	5	5	10	550
25	5	5	10	560
25	5	5	10	570
25	5	5	10	580
25	5	5	10	590
25	5	5	10	600
25	5	5	10	610
25	5	5	10	620
25	5	5	10	630
25	5	5	10	640
25	5	5	10	650
25	5	5	10	660
25	5	5	10	670
25	5	5	10	680
25	5	5	10	690
25	5	5	10	700
25	5	5	10	710
25	5	5	10	720
25	5	5	10	730
25	5	5	10	740
25	5	5	10	750
25	5	5	10	760
25	5	5	10	770
25	5	5	10	780
25	5	5	10	790
25	5	5	10	800
25	5	5	10	810
25	5	5	10	820
25	5	5	10	830
25	5	5	10	840
25	5	5	10	850
25	5	5	10	860
25	5	5	10	870
25	5	5	10	880
25	5	5	10	890
25	5	5	10	900
25	5	5	10	910
25	5	5	10	920
25	5	5	10	930
25	5	5	10	940
25	5	5	10	950
25	5	5	10	960
25	5	5	10	970
25	5	5	10	980
25	5	5	10	990
26	18	13	60	0
26	18	13	60	60
26	18	13	60	120
26	18	13	60	180
26	18	13	60	240
26	18	13	60	300
26	18	13	60	360
26	18	13	60	420
26	18	13	60	480
26	18	13	60	540
26	18	13	60	600
26	18	13	60	660
26	18	13	60	720
26	18	13	60	780
26	18	13	60	840
26	18	13	60	900
26	18	13	60	960
27	9	7	30	0
27	9	7	30	30
27	9	7	30	60
27	9	7	30	90
27	9	7	30	120
27	9	7	30	150
27	9	7	30	180
27	9	7	30	210
27	9	7	30	240
27	9	7	30	270
27	9	7	30	300
27	9	7	30	330
27	9	7	30	360
27	9	7	30	390
27	9	7	30	420
27	9	7	30	450
27	9	7	30	480
27	9	7	30	510
27	9	7	30	540
27	9	7	30	570
27	9	7	30	600
27	9	7	30	630
27	9	7	30	660
27	9	7	30	690
27	9	7	30	720
27	9	7	30	750
27	9	7	30	780
27	9	7	30	810
27	9	7	30	840
27	9	7	30	870
27	9	7	30	900
27	9	7	30	930
27	9	7	30	960
27	9	7	30	990
28	20	17	40	0
28	20	17	40	40
28	20	17	40	80
28	20	17	40	120
28	20	17	40	160
28	20	17	40	200
28	20	17	40	240
28	20	17	40	280
28	20	17	40	320
28	20	17	40	360
28	20	17	40	400
28	20	17	40	440
28	20	17	40	480
28	20	17	40	520
28	20	17	40	560
28	20	17	40	600
28	20	17	40	640
28	20	17	40	680
28	20	17	40	720
28	20	17	40	760
28	20	17	40	800
28	20	17	40	840
28	20	17	40	880
28	20	17	40	920
28	20	17	40	960
29	12	7	40	0
29	12	7	40	40
29	12	7	40	80
29	12	7	40	120
29	12	7	40	160
29	12	7	40	200
29	12	7	40	240
29	12	7	40	280
29	12	7	40	320
29	12	7	40	360
29	12	7	40	400
29	12	7	40	440
29	12	7	40	480
29	12	7	40	520
29	12	7	40	560
29	12	7	40	600
29	12	7	40	640
29	12	7	40	680
29	12	7	40	720
29	12	7	40	760
29	12	7	40	800
29	12	7	40	840
29	12	7	40	880
29	12	7	40	920
29	12	7	40	960
30	7	3	10	0
30	7	3	10	10
30	7	3	10	20
30	7	3	10	30
30	7	3	10	40
30	7	3	10	50
30	7	3	10	60
30	7	3	10	70
30	7	3	10	80
30	7	3	10	90
30	7	3	10	100
30	7	3	10	110
30	7	3	10	120
30	7	3	10	130
30	7	3	10	140
30	7	3	10	150
30	7	3	10	160
30	7	3	10	170
30	7	3	10	180
30	7	3	10	190
30	7	3	10	200
30	7	3	10	210
30	7	3	10	220
30	7	3	10	230
30	7	3	10	240
30	7	3	10	250
30	7	3	10	260
30	7	3	10	270
30	7	3	10	280
30	7	3	10	290
30	7	3	10	300
30	7	3	10	310
30	7	3	10	320
30	7	3	10	330
30	7	3	10	340
30	7	3	10	350
30	7	3	10	360
30	7	3	10	370
30	7	3	10	380
30	7	3	10	390
30	7	3	10	400
30	7	3	10	410
30	7	3	10	420
30	7	3	10	430
30	7	3	10	440
30	7	3	10	450
30	7	3	10	460
30	7	3	10	470
30	7	3	10	480
30	7	3	10	490
30	7	3	10	500
30	7	3	10	510
30	7	3	10	520
30	7	3	10	530
30	7	3	10	540
30	7	3	10	550
30	7	3	10	560
30	7	3	10	570
30	7	3	10	580
30	7	3	10	590
30	7	3	10	600
30	7	3	10	610
30	7	3	10	620
30	7	3	10	630
30	7	3	10	640
30	7	3	10	650
30	7	3	10	660
30	7	3	10	670
30	7	3	10	680
30	7	3	10	690
30	7	3	10	700
30	7	3	10	710
30	7	3	10	720
30	7	3	10	730
30	7	3	10	740
30	7	3	10	750
30	7	3	10	760
30	7	3	10	770
30	7	3	10	780
30	7	3	10	790
30	7	3	10	800
30	7	3	10	810
30	7	3	10	820
30	7	3	10	830
30	7	3	10	840
30	7	3	10	850
30	7	3	10	860
30	7	3	10	870
30	7	3	10	880
30	7	3	10	890
30	7	3	10	900
30	7	3	10	910
30	7	3	10	920
30	7	3	10	930
30	7	3	10	940
30	7	3	10	950
30	7	3	10	960
30	7	3	10	970
30	7	3	10	980
30	7	3	10	990
31	20	17	40	0
31	20	17	40	40
31	20	17	40	80
31	20	17	40	120
31	20	17	40	160
31	20	17	40	200
31	20	17	40	240
31	20	17	40	280
31	20	17	40	320
31	20	17	40	360
31	20	17	40	400
31	20	17	40	440
31	20	17	40	480
31	20	17	40	520
31	20	17	40	560
31	20	17	40	600
31	20	17	40	640
31	20	17	40	680
31	20	17	40	720
31	20	17	40	760
31	20	17	40	800
31	20	17	40	840
31	20	17	40	880
31	20	17	40	920
31	20	17	40	960
32	12	7	60	0
32	12	7	60	60
32	12	7	60	120
32	12	7	60	180
32	12	7	60	240
32	12	7	60	300
32	12	7	60	360
32	12	7	60	420
32	12	7	60	480
32	12	7	60	540
32	12	7	60	600
32	12	7	60	660
32	12	7	60	720
32	12	7	60	780
32	12	7	60	840
32	12	7	60	900
32	12	7	60	960
33	3	3	10	0
33	3	3	10	10
33	3	3	10	20
33	3	3	10	30
33	3	3	10	40
33	3	3	10	50
33	3	3	10	60
33	3	3	10	70
33	3	3	10	80
33	3	3	10	90
33	3	3	10	100
33	3	3	10	110
33	3	3	10	120
33	3	3	10	130
33	3	3	10	140
33	3	3	10	150
33	3	3	10	160
33	3	3	10	170
33	3	3	10	180
33	3	3	10	190
33	3	3	10	200
33	3	3	10	210
33	3	3	10	220
33	3	3	10	230
33	3	3	10	240
33	3	3	10	250
33	3	3	10	260
33	3	3	10	270
33	3	3	10	280
33	3	3	10	290
33	3	3	10	300
33	3	3	10	310
33	3	3	10	320
33	3	3	10	330
33	3	3	10	340
33	3	3	10	350
33	3	3	10	360
33	3	3	10	370
33	3	3	10	380
33	3	3	10	390
33	3	3	10	400
33	3	3	10	410
33	3	3	10	420
33	3	3	10	430
33	3	3	10	440
33	3	3	10	450
33	3	3	10	460
33	3	3	10	470
33	3	3	10	480
33	3	3	10	490
33	3	3	10	500
33	3	3	10	510
33	3	3	10	520
33	3	3	10	530
33	3	3	10	540
33	3	3	10	550
33	3	3	10	560
33	3	3	10	570
33	3	3	10	580
33	3	3	10	590
33	3	3	10	600
33	3	3	10	610
33	3	3	10	620
33	3	3	10	630
33	3	3	10	640
33	3	3	10	650
33	3	3	10	660
33	3	3	10	670
33	3	3	10	680
33	3	3	10	690
33	3	3	10	700
33	3	3	10	710
33	3	3	10	720
33	3	3	10	730
33	3	3	10	740
33	3	3	10	750
33	3	3	10	760
33	3	3	10	770
33	3	3	10	780
33	3	3	10	790
33	3	3	10	800
33	3	3	10	810
33	3	3	10	820
33	3	3	10	830
33	3	3	10	840
33	3	3	10	850
33	3	3	10	860
33	3	3	10	870
33	3	3	10	880
33	3	3	10	890
33	3	3	10	900
33	3	3	10	910
33	3	3	10	920
33	3	3	10	930
33	3	3	10	940
33	3	3	10	950
33	3	3	10	960
33	3	3	10	970
33	3	3	10	980
33	3	3	10	990
34	7	4	10	0
34	7	4	10	10
34	7	4	10	20
34	7	4	10	30
34	7	4	10	40
34	7	4	10	50
34	7	4	10	60
34	7	4	10	70
34	7	4	10	80
34	7	4	10	90
34	7	4	10	100
34	7	4	10	110
34	7	4	10	120
34	7	4	10	130
34	7	4	10	140
34	7	4	10	150
34	7	4	10	160
34	7	4	10	170
34	7	4	10	180
34	7	4	10	190
34	7	4	10	200
34	7	4	10	210
34	7	4	10	220
34	7	4	10	230
34	7	4	10	240
34	7	4	10	250
34	7	4	10	260
34	7	4	10	270
34	7	4	10	280
34	7	4	10	290
34	7	4	10	300
34	7	4	10	310
34	7	4	10	320
34	7	4	10	330
34	7	4	10	340
34	7	4	10	350
34	7	4	10	360
34	7	4	10	370
34	7	4	10	380
34	7	4	10	390
34	7	4	10	400
34	7	4	10	410
34	7	4	10	420
34	7	4	10	430
34	7	4	10	440
34	7	4	10	450
34	7	4	10	460
34	7	4	10	470
34	7	4	10	480
34	7	4	10	490
34	7	4	10	500
34	7	4	10	510
34	7	4	10	520
34	7	4	10	530
34	7	4	10	540
34	7	4	10	550
34	7	4	10	560
34	7	4	10	570
34	7	4	10	580
34	7	4	10	590
34	7	4	10	600
34	7	4	10	610
34	7	4	10	620
34	7	4	10	630
34	7	4	10	640
34	7	4	10	650
34	7	4	10	660
34	7	4	10	670
34	7	4	10	680
34	7	4	10	690
34	7	4	10	700
34	7	4	10	710
34	7	4	10	720
34	7	4	10	730
34	7	4	10	740
34	7	4	10	750
34	7	4	10	760
34	7	4	10	770
34	7	4	10	780
34	7	4	10	790
34	7	4	10	800
34	7	4	10	810
34	7	4	10	820
34	7	4	10	830
34	7	4	10	840
34	7	4	10	850
34	7	4	10	860
34	7	4	10	870
34	7	4	10	880
34	7	4	10	890
34	7	4	10	900
34	7	4	10	910
34	7	4	10	920
34	7	4	10	930
34	7	4	10	940
34	7	4	10	950
34	7	4	10	960
34	7	4	10	970
34	7	4	10	980
34	7	4	10	990
35	6	4	10	0
35	6	4	10	10
35	6	4	10	20
35	6	4	10	30
35	6	4	10	40
35	6	4	10	50
35	6	4	10	60
35	6	4	10	70
35	6	4	10	80
35	6	4	10	90
35	6	4	10	100
35	6	4	10	110
35	6	4	10	120
35	6	4	10	130
35	6	4	10	140
35	6	4	10	150
35	6	4	10	160
35	6	4	10	170
35	6	4	10	180
35	6	4	10	190
35	6	4	10	200
35	6	4	10	210
35	6	4	10	220
35	6	4	10	230
35	6	4	10	240
35	6	4	10	250
35	6	4	10	260
35	6	4	10	270
35	6	4	10	280
35	6	4	10	290
35	6	4	10	300
35	6	4	10	310
35	6	4	10	320
35	6	4	10	330
35	6	4	10	340
35	6	4	10	350
35	6	4	10	360
35	6	4	10	370
35	6	4	10	380
35	6	4	10	390
35	6	4	10	400
35	6	4	10	410
35	6	4	10	420
35	6	4	10	430
35	6	4	10	440
35	6	4	10	450
35	6	4	10	460
35	6	4	10	470
35	6	4	10	480
35	6	4	10	490
35	6	4	10	500
35	6	4	10	510
35	6	4	10	520
35	6	4	10	530
35	6	4	10	540
35	6	4	10	550
35	6	4	10	560
35	6	4	10	570
35	6	4	10	580
35	6	4	10	590
35	6	4	10	600
35	6	4	10	610
35	6	4	10	620
35	6	4	10	630
35	6	4	10	640
35	6	4	10	650
35	6	4	10	660
35	6	4	10	670
35	6	4	10	680
35	6	4	10	690
35	6	4	10	700
35	6	4	10	710
35	6	4	10	720
35	6	4	10	730
35	6	4	10	740
35	6	4	10	750
35	6	4	10	760
35	6	4	10	770
35	6	4	10	780
35	6	4	10	790
35	6	4	10	800
35	6	4	10	810
35	6	4	10	820
35	6	4	10	830
35	6	4	10	840
35	6	4	10	850
35	6	4	10	860
35	6	4	10	870
35	6	4	10	880
35	6	4	10	890
35	6	4	10	900
35	6	4	10	910
35	6	4	10	920
35	6	4	10	930
35	6	4	10	940
35	6	4	10	950
35	6	4	10	960
35	6	4	10	970
35	6	4	10	980
35	6	4	10	990
36	30	27	60	0
36	30	27	60	60
36	30	27	60	120
36	30	27	60	180
36	30	27	60	240
36	30	27	60	300
36	30	27	60	360
36	30	27	60	420
36	30	27	60	480
36	30	27	60	540
36	30	27	60	600
36	30	27	60	660
36	30	27	60	720
36	30	27	60	780
36	30	27	60	840
36	30	27	60	900
36	30	27	60	960
37	25	22	50	0
37	25	22	50	50
37	25	22	50	100
37	25	22	50	150
37	25	22	50	200
37	25	22	50	250
37	25	22	50	300
37	25	22	50	350
37	25	22	50	400
37	25	22	50	450
37	25	22	50	500
37	25	22	50	550
37	25	22	50	600
37	25	22	50	650
37	25	22	50	700
37	25	22	50	750
37	25	22	50	800
37	25	22	50	850
37	25	22	50	900
37	25	22	50	950
38	3	1	30	0
38	3	1	30	30
38	3	1	30	60
38	3	1	30	90
38	3	1	30	120
38	3	1	30	150
38	3	1	30	180
38	3	1	30	210
38	3	1	30	240
38	3	1	30	270
38	3	1	30	300
38	3	1	30	330
38	3	1	30	360
38	3	1	30	390
38	3	1	30	420
38	3	1	30	450
38	3	1	30	480
38	3	1	30	510
38	3	1	30	540
38	3	1	30	570
38	3	1	30	600
38	3	1	30	630
38	3	1	30	660
38	3	1	30	690
38	3	1	30	720
38	3	1	30	750
38	3	1	30	780
38	3	1	30	810
38	3	1	30	840
38	3	1	30	870
38	3	1	30	900
38	3	1	30	930
38	3	1	30	960
38	3	1	30	990
39	2	1	20	0
39	2	1	20	20
39	2	1	20	40
39	2	1	20	60
39	2	1	20	80
39	2	1	20	100
39	2	1	20	120
39	2	1	20	140
39	2	1	20	160
39	2	1	20	180
39	2	1	20	200
39	2	1	20	220
39	2	1	20	240
39	2	1	20	260
39	2	1	20	280
39	2	1	20	300
39	2	1	20	320
39	2	1	20	340
39	2	1	20	360
39	2	1	20	380
39	2	1	20	400
39	2	1	20	420
39	2	1	20	440
39	2	1	20	460
39	2	1	20	480
39	2	1	20	500
39	2	1	20	520
39	2	1	20	540
39	2	1	20	560
39	2	1	20	580
39	2	1	20	600
39	2	1	20	620
39	2	1	20	640
39	2	1	20	660
39	2	1	20	680
39	2	1	20	700
39	2	1	20	720
39	2	1	20	740
39	2	1	20	760
39	2	1	20	780
39	2	1	20	800
39	2	1	20	820
39	2	1	20	840
39	2	1	20	860
39	2	1	20	880
39	2	1	20	900
39	2	1	20	920
39	2	1	20	940
39	2	1	20	960
39	2	1	20	980
40	4	3	40	0
40	4	3	40	40
40	4	3	40	80
40	4	3	40	120
40	4	3	40	160
40	4	3	40	200
40	4	3	40	240
40	4	3	40	280
40	4	3	40	320
40	4	3	40	360
40	4	3	40	400
40	4	3	40	440
40	4	3	40	480
40	4	3	40	520
40	4	3	40	560
40	4	3	40	600
40	4	3	40	640
40	4	3	40	680
40	4	3	40	720
40	4	3	40	760
40	4	3	40	800
40	4	3	40	840
40	4	3	40	880
40	4	3	40	920
40	4	3	40	960
41	20	14	50	0
41	20	14	50	50
41	20	14	50	100
41	20	14	50	150
41	20	14	50	200
41	20	14	50	250
41	20	14	50	300
41	20	14	50	350
41	20	14	50	400
41	20	14	50	450
41	20	14	50	500
41	20	14	50	550
41	20	14	50	600
41	20	14	50	650
41	20	14	50	700
41	20	14	50	750
41	20	14	50	800
41	20	14	50	850
41	20	14	50	900
41	20	14	50	950
42	4	3	20	0
42	4	3	20	20
42	4	3	20	40
42	4	3	20	60
42	4	3	20	80
42	4	3	20	100
42	4	3	20	120
42	4	3	20	140
42	4	3	20	160
42	4	3	20	180
42	4	3	20	200
42	4	3	20	220
42	4	3	20	240
42	4	3	20	260
42	4	3	20	280
42	4	3	20	300
42	4	3	20	320
42	4	3	20	340
42	4	3	20	360
42	4	3	20	380
42	4	3	20	400
42	4	3	20	420
42	4	3	20	440
42	4	3	20	460
42	4	3	20	480
42	4	3	20	500
42	4	3	20	520
42	4	3	20	540
42	4	3	20	560
42	4	3	20	580
42	4	3	20	600
42	4	3	20	620
42	4	3	20	640
42	4	3	20	660
42	4	3	20	680
42	4	3	20	700
42	4	3	20	720
42	4	3	20	740
42	4	3	20	760
42	4	3	20	780
42	4	3	20	800
42	4	3	20	820
42	4	3	20	840
42	4	3	20	860
42	4	3	20	880
42	4	3	20	900
42	4	3	20	920
42	4	3	20	940
42	4	3	20	960
42	4	3	20	980
43	8	5	20	0
43	8	5	20	20
43	8	5	20	40
43	8	5	20	60
43	8	5	20	80
43	8	5	20	100
43	8	5	20	120
43	8	5	20	140
43	8	5	20	160
43	8	5	20	180
43	8	5	20	200
43	8	5	20	220
43	8	5	20	240
43	8	5	20	260
43	8	5	20	280
43	8	5	20	300
43	8	5	20	320
43	8	5	20	340
43	8	5	20	360
43	8	5	20	380
43	8	5	20	400
43	8	5	20	420
43	8	5	20	440
43	8	5	20	460
43	8	5	20	480
43	8	5	20	500
43	8	5	20	520
43	8	5	20	540
43	8	5	20	560
43	8	5	20	580
43	8	5	20	600
43	8	5	20	620
43	8	5	20	640
43	8	5	20	660
43	8	5	20	680
43	8	5	20	700
43	8	5	20	720
43	8	5	20	740
43	8	5	20	760
43	8	5	20	780
43	8	5	20	800
43	8	5	20	820
43	8	5	20	840
43	8	5	20	860
43	8	5	20	880
43	8	5	20	900
43	8	5	20	920
43	8	5	20	940
43	8	5	20	960
43	8	5	20	980
44	18	13	60	0
44	18	13	60	60
44	18	13	60	120
44	18	13	60	180
44	18	13	60	240
44	18	13	60	300
44	18	13	60	360
44	18	13	60	420
44	18	13	60	480
44	18	13	60	540
44	18	13	60	600
44	18	13	60	660
44	18	13	60	720
44	18	13	60	780
44	18	13	60	840
44	18	13	60	900
44	18	13	60	960
45	8	5	40	0
45	8	5	40	40
45	8	5	40	80
45	8	5	40	120
45	8	5	40	160
45	8	5	40	200
45	8	5	40	240
45	8	5	40	280
45	8	5	40	320
45	8	5	40	360
45	8	5	40	400
45	8	5	40	440
45	8	5	40	480
45	8	5	40	520
45	8	5	40	560
45	8	5	40	600
45	8	5	40	640
45	8	5	40	680
45	8	5	40	720
45	8	5	40	760
45	8	5	40	800
45	8	5	40	840
45	8	5	40	880
45	8	5	40	920
45	8	5	40	960
46	2	2	10	0
46	2	2	10	10
46	2	2	10	20
46	2	2	10	30
46	2	2	10	40
46	2	2	10	50
46	2	2	10	60
46	2	2	10	70
46	2	2	10	80
46	2	2	10	90
46	2	2	10	100
46	2	2	10	110
46	2	2	10	120
46	2	2	10	130
46	2	2	10	140
46	2	2	10	150
46	2	2	10	160
46	2	2	10	170
46	2	2	10	180
46	2	2	10	190
46	2	2	10	200
46	2	2	10	210
46	2	2	10	220
46	2	2	10	230
46	2	2	10	240
46	2	2	10	250
46	2	2	10	260
46	2	2	10	270
46	2	2	10	280
46	2	2	10	290
46	2	2	10	300
46	2	2	10	310
46	2	2	10	320
46	2	2	10	330
46	2	2	10	340
46	2	2	10	350
46	2	2	10	360
46	2	2	10	370
46	2	2	10	380
46	2	2	10	390
46	2	2	10	400
46	2	2	10	410
46	2	2	10	420
46	2	2	10	430
46	2	2	10	440
46	2	2	10	450
46	2	2	10	460
46	2	2	10	470
46	2	2	10	480
46	2	2	10	490
46	2	2	10	500
46	2	2	10	510
46	2	2	10	520
46	2	2	10	530
46	2	2	10	540
46	2	2	10	550
46	2	2	10	560
46	2	2	10	570
46	2	2	10	580
46	2	2	10	590
46	2	2	10	600
46	2	2	10	610
46	2	2	10	620
46	2	2	10	630
46	2	2	10	640
46	2	2	10	650
46	2	2	10	660
46	2	2	10	670
46	2	2	10	680
46	2	2	10	690
46	2	2	10	700
46	2	2	10	710
46	2	2	10	720
46	2	2	10	730
46	2	2	10	740
46	2	2	10	750
46	2	2	10	760
46	2	2	10	770
46	2	2	10	780
46	2	2	10	790
46	2	2	10	800
46	2	2	10	810
46	2	2	10	820
46	2	2	10	830
46	2	2	10	840
46	2	2	10	850
46	2	2	10	860
46	2	2	10	870
46	2	2	10	880
46	2	2	10	890
46	2	2	10	900
46	2	2	10	910
46	2	2	10	920
46	2	2	10	930
46	2	2	10	940
46	2	2	10	950
46	2	2	10	960
46	2	2	10	970
46	2	2	10	980
46	2	2	10	990
47	1	1	10	0
47	1	1	10	10
47	1	1	10	20
47	1	1	10	30
47	1	1	10	40
47	1	1	10	50
47	1	1	10	60
47	1	1	10	70
47	1	1	10	80
47	1	1	10	90
47	1	1	10	100
47	1	1	10	110
47	1	1	10	120
47	1	1	10	130
47	1	1	10	140
47	1	1	10	150
47	1	1	10	160
47	1	1	10	170
47	1	1	10	180
47	1	1	10	190
47	1	1	10	200
47	1	1	10	210
47	1	1	10	220
47	1	1	10	230
47	1	1	10	240
47	1	1	10	250
47	1	1	10	260
47	1	1	10	270
47	1	1	10	280
47	1	1	10	290
47	1	1	10	300
47	1	1	10	310
47	1	1	10	320
47	1	1	10	330
47	1	1	10	340
47	1	1	10	350
47	1	1	10	360
47	1	1	10	370
47	1	1	10	380
47	1	1	10	390
47	1	1	10	400
47	1	1	10	410
47	1	1	10	420
47	1	1	10	430
47	1	1	10	440
47	1	1	10	450
47	1	1	10	460
47	1	1	10	470
47	1	1	10	480
47	1	1	10	490
47	1	1	10	500
47	1	1	10	510
47	1	1	10	520
47	1	1	10	530
47	1	1	10	540
47	1	1	10	550
47	1	1	10	560
47	1	1	10	570
47	1	1	10	580
47	1	1	10	590
47	1	1	10	600
47	1	1	10	610
47	1	1	10	620
47	1	1	10	630
47	1	1	10	640
47	1	1	10	650
47	1	1	10	660
47	1	1	10	670
47	1	1	10	680
47	1	1	10	690
47	1	1	10	700
47	1	1	10	710
47	1	1	10	720
47	1	1	10	730
47	1	1	10	740
47	1	1	10	750
47	1	1	10	760
47	1	1	10	770
47	1	1	10	780
47	1	1	10	790
47	1	1	10	800
47	1	1	10	810
47	1	1	10	820
47	1	1	10	830
47	1	1	10	840
47	1	1	10	850
47	1	1	10	860
47	1	1	10	870
47	1	1	10	880
47	1	1	10	890
47	1	1	10	900
47	1	1	10	910
47	1	1	10	920
47	1	1	10	930
47	1	1	10	940
47	1	1	10	950
47	1	1	10	960
47	1	1	10	970
47	1	1	10	980
47	1	1	10	990
48	7	4	10	0
48	7	4	10	10
48	7	4	10	20
48	7	4	10	30
48	7	4	10	40
48	7	4	10	50
48	7	4	10	60
48	7	4	10	70
48	7	4	10	80
48	7	4	10	90
48	7	4	10	100
48	7	4	10	110
48	7	4	10	120
48	7	4	10	130
48	7	4	10	140
48	7	4	10	150
48	7	4	10	160
48	7	4	10	170
48	7	4	10	180
48	7	4	10	190
48	7	4	10	200
48	7	4	10	210
48	7	4	10	220
48	7	4	10	230
48	7	4	10	240
48	7	4	10	250
48	7	4	10	260
48	7	4	10	270
48	7	4	10	280
48	7	4	10	290
48	7	4	10	300
48	7	4	10	310
48	7	4	10	320
48	7	4	10	330
48	7	4	10	340
48	7	4	10	350
48	7	4	10	360
48	7	4	10	370
48	7	4	10	380
48	7	4	10	390
48	7	4	10	400
48	7	4	10	410
48	7	4	10	420
48	7	4	10	430
48	7	4	10	440
48	7	4	10	450
48	7	4	10	460
48	7	4	10	470
48	7	4	10	480
48	7	4	10	490
48	7	4	10	500
48	7	4	10	510
48	7	4	10	520
48	7	4	10	530
48	7	4	10	540
48	7	4	10	550
48	7	4	10	560
48	7	4	10	570
48	7	4	10	580
48	7	4	10	590
48	7	4	10	600
48	7	4	10	610
48	7	4	10	620
48	7	4	10	630
48	7	4	10	640
48	7	4	10	650
48	7	4	10	660
48	7	4	10	670
48	7	4	10	680
48	7	4	10	690
48	7	4	10	700
48	7	4	10	710
48	7	4	10	720
48	7	4	10	730
48	7	4	10	740
48	7	4	10	750
48	7	4	10	760
48	7	4	10	770
48	7	4	10	780
48	7	4	10	790
48	7	4	10	800
48	7	4	10	810
48	7	4	10	820
48	7	4	10	830
48	7	4	10	840
48	7	4	10	850
48	7	4	10	860
48	7	4	10	870
48	7	4	10	880
48	7	4	10	890
48	7	4	10	900
48	7	4	10	910
48	7	4	10	920
48	7	4	10	930
48	7	4	10	940
48	7	4	10	950
48	7	4	10	960
48	7	4	10	970
48	7	4	10	980
48	7	4	10	990
49	28	18	40	0
49	28	18	40	40
49	28	18	40	80
49	28	18	40	120
49	28	18	40	160
49	28	18	40	200
49	28	18	40	240
49	28	18	40	280
49	28	18	40	320
49	28	18	40	360
49	28	18	40	400
49	28	18	40	440
49	28	18	40	480
49	28	18	40	520
49	28	18	40	560
49	28	18	40	600
49	28	18	40	640
49	28	18	40	680
49	28	18	40	720
49	28	18	40	760
49	28	18	40	800
49	28	18	40	840
49	28	18	40	880
49	28	18	40	920
49	28	18	40	960
50	4	4	40	0
50	4	4	40	40
50	4	4	40	80
50	4	4	40	120
50	4	4	40	160
50	4	4	40	200
50	4	4	40	240
50	4	4	40	280
50	4	4	40	320
50	4	4	40	360
50	4	4	40	400
50	4	4	40	440
50	4	4	40	480
50	4	4	40	520
50	4	4	40	560
50	4	4	40	600
50	4	4	40	640
50	4	4	40	680
50	4	4	40	720
50	4	4	40	760
50	4	4	40	800
50	4	4	40	840
50	4	4	40	880
50	4	4	40	920
50	4	4	40	960
51	2	1	10	0
51	2	1	10	10
51	2	1	10	20
51	2	1	10	30
51	2	1	10	40
51	2	1	10	50
51	2	1	10	60
51	2	1	10	70
51	2	1	10	80
51	2	1	10	90
51	2	1	10	100
51	2	1	10	110
51	2	1	10	120
51	2	1	10	130
51	2	1	10	140
51	2	1	10	150
51	2	1	10	160
51	2	1	10	170
51	2	1	10	180
51	2	1	10	190
51	2	1	10	200
51	2	1	10	210
51	2	1	10	220
51	2	1	10	230
51	2	1	10	240
51	2	1	10	250
51	2	1	10	260
51	2	1	10	270
51	2	1	10	280
51	2	1	10	290
51	2	1	10	300
51	2	1	10	310
51	2	1	10	320
51	2	1	10	330
51	2	1	10	340
51	2	1	10	350
51	2	1	10	360
51	2	1	10	370
51	2	1	10	380
51	2	1	10	390
51	2	1	10	400
51	2	1	10	410
51	2	1	10	420
51	2	1	10	430
51	2	1	10	440
51	2	1	10	450
51	2	1	10	460
51	2	1	10	470
51	2	1	10	480
51	2	1	10	490
51	2	1	10	500
51	2	1	10	510
51	2	1	10	520
51	2	1	10	530
51	2	1	10	540
51	2	1	10	550
51	2	1	10	560
51	2	1	10	570
51	2	1	10	580
51	2	1	10	590
51	2	1	10	600
51	2	1	10	610
51	2	1	10	620
51	2	1	10	630
51	2	1	10	640
51	2	1	10	650
51	2	1	10	660
51	2	1	10	670
51	2	1	10	680
51	2	1	10	690
51	2	1	10	700
51	2	1	10	710
51	2	1	10	720
51	2	1	10	730
51	2	1	10	740
51	2	1	10	750
51	2	1	10	760
51	2	1	10	770
51	2	1	10	780
51	2	1	10	790
51	2	1	10	800
51	2	1	10	810
51	2	1	10	820
51	2	1	10	830
51	2	1	10	840
51	2	1	10	850
51	2	1	10	860
51	2	1	10	870
51	2	1	10	880
51	2	1	10	890
51	2	1	10	900
51	2	1	10	910
51	2	1	10	920
51	2	1	10	930
51	2	1	10	940
51	2	1	10	950
51	2	1	10	960
51	2	1	10	970
51	2	1	10	980
51	2	1	10	990
52	15	7	50	0
52	15	7	50	50
52	15	7	50	100
52	15	7	50	150
52	15	7	50	200
52	15	7	50	250
52	15	7	50	300
52	15	7	50	350
52	15	7	50	400
52	15	7	50	450
52	15	7	50	500
52	15	7	50	550
52	15	7	50	600
52	15	7	50	650
52	15	7	50	700
52	15	7	50	750
52	15	7	50	800
52	15	7	50	850
52	15	7	50	900
52	15	7	50	950
53	30	19	60	0
53	30	19	60	60
53	30	19	60	120
53	30	19	60	180
53	30	19	60	240
53	30	19	60	300
53	30	19	60	360
53	30	19	60	420
53	30	19	60	480
53	30	19	60	540
53	30	19	60	600
53	30	19	60	660
53	30	19	60	720
53	30	19	60	780
53	30	19	60	840
53	30	19	60	900
53	30	19	60	960
54	15	11	50	0
54	15	11	50	50
54	15	11	50	100
54	15	11	50	150
54	15	11	50	200
54	15	11	50	250
54	15	11	50	300
54	15	11	50	350
54	15	11	50	400
54	15	11	50	450
54	15	11	50	500
54	15	11	50	550
54	15	11	50	600
54	15	11	50	650
54	15	11	50	700
54	15	11	50	750
54	15	11	50	800
54	15	11	50	850
54	15	11	50	900
54	15	11	50	950
55	12	12	20	0
55	12	12	20	20
55	12	12	20	40
55	12	12	20	60
55	12	12	20	80
55	12	12	20	100
55	12	12	20	120
55	12	12	20	140
55	12	12	20	160
55	12	12	20	180
55	12	12	20	200
55	12	12	20	220
55	12	12	20	240
55	12	12	20	260
55	12	12	20	280
55	12	12	20	300
55	12	12	20	320
55	12	12	20	340
55	12	12	20	360
55	12	12	20	380
55	12	12	20	400
55	12	12	20	420
55	12	12	20	440
55	12	12	20	460
55	12	12	20	480
55	12	12	20	500
55	12	12	20	520
55	12	12	20	540
55	12	12	20	560
55	12	12	20	580
55	12	12	20	600
55	12	12	20	620
55	12	12	20	640
55	12	12	20	660
55	12	12	20	680
55	12	12	20	700
55	12	12	20	720
55	12	12	20	740
55	12	12	20	760
55	12	12	20	780
55	12	12	20	800
55	12	12	20	820
55	12	12	20	840
55	12	12	20	860
55	12	12	20	880
55	12	12	20	900
55	12	12	20	920
55	12	12	20	940
55	12	12	20	960
55	12	12	20	980
56	7	3	10	0
56	7	3	10	10
56	7	3	10	20
56	7	3	10	30
56	7	3	10	40
56	7	3	10	50
56	7	3	10	60
56	7	3	10	70
56	7	3	10	80
56	7	3	10	90
56	7	3	10	100
56	7	3	10	110
56	7	3	10	120
56	7	3	10	130
56	7	3	10	140
56	7	3	10	150
56	7	3	10	160
56	7	3	10	170
56	7	3	10	180
56	7	3	10	190
56	7	3	10	200
56	7	3	10	210
56	7	3	10	220
56	7	3	10	230
56	7	3	10	240
56	7	3	10	250
56	7	3	10	260
56	7	3	10	270
56	7	3	10	280
56	7	3	10	290
56	7	3	10	300
56	7	3	10	310
56	7	3	10	320
56	7	3	10	330
56	7	3	10	340
56	7	3	10	350
56	7	3	10	360
56	7	3	10	370
56	7	3	10	380
56	7	3	10	390
56	7	3	10	400
56	7	3	10	410
56	7	3	10	420
56	7	3	10	430
56	7	3	10	440
56	7	3	10	450
56	7	3	10	460
56	7	3	10	470
56	7	3	10	480
56	7	3	10	490
56	7	3	10	500
56	7	3	10	510
56	7	3	10	520
56	7	3	10	530
56	7	3	10	540
56	7	3	10	550
56	7	3	10	560
56	7	3	10	570
56	7	3	10	580
56	7	3	10	590
56	7	3	10	600
56	7	3	10	610
56	7	3	10	620
56	7	3	10	630
56	7	3	10	640
56	7	3	10	650
56	7	3	10	660
56	7	3	10	670
56	7	3	10	680
56	7	3	10	690
56	7	3	10	700
56	7	3	10	710
56	7	3	10	720
56	7	3	10	730
56	7	3	10	740
56	7	3	10	750
56	7	3	10	760
56	7	3	10	770
56	7	3	10	780
56	7	3	10	790
56	7	3	10	800
56	7	3	10	810
56	7	3	10	820
56	7	3	10	830
56	7	3	10	840
56	7	3	10	850
56	7	3	10	860
56	7	3	10	870
56	7	3	10	880
56	7	3	10	890
56	7	3	10	900
56	7	3	10	910
56	7	3	10	920
56	7	3	10	930
56	7	3	10	940
56	7	3	10	950
56	7	3	10	960
56	7	3	10	970
56	7	3	10	980
56	7	3	10	990
57	8	4	40	0
57	8	4	40	40
57	8	4	40	80
57	8	4	40	120
57	8	4	40	160
57	8	4	40	200
57	8	4	40	240
57	8	4	40	280
57	8	4	40	320
57	8	4	40	360
57	8	4	40	400
57	8	4	40	440
57	8	4	40	480
57	8	4	40	520
57	8	4	40	560
57	8	4	40	600
57	8	4	40	640
57	8	4	40	680
57	8	4	40	720
57	8	4	40	760
57	8	4	40	800
57	8	4	40	840
57	8	4	40	880
57	8	4	40	920
57	8	4	40	960
58	24	24	40	0
58	24	24	40	40
58	24	24	40	80
58	24	24	40	120
58	24	24	40	160
58	24	24	40	200
58	24	24	40	240
58	24	24	40	280
58	24	24	40	320
58	24	24	40	360
58	24	24	40	400
58	24	24	40	440
58	24	24	40	480
58	24	24	40	520
58	24	24	40	560
58	24	24	40	600
58	24	24	40	640
58	24	24	40	680
58	24	24	40	720
58	24	24	40	760
58	24	24	40	800
58	24	24	40	840
58	24	24	40	880
58	24	24	40	920
58	24	24	40	960
59	6	3	60	0
59	6	3	60	60
59	6	3	60	120
59	6	3	60	180
59	6	3	60	240
59	6	3	60	300
59	6	3	60	360
59	6	3	60	420
59	6	3	60	480
59	6	3	60	540
59	6	3	60	600
59	6	3	60	660
59	6	3	60	720
59	6	3	60	780
59	6	3	60	840
59	6	3	60	900
59	6	3	60	960
60	4	2	40	0
60	4	2	40	40
60	4	2	40	80
60	4	2	40	120
60	4	2	40	160
60	4	2	40	200
60	4	2	40	240
60	4	2	40	280
60	4	2	40	320
60	4	2	40	360
60	4	2	40	400
60	4	2	40	440
60	4	2	40	480
60	4	2	40	520
60	4	2	40	560
60	4	2	40	600
60	4	2	40	640
60	4	2	40	680
60	4	2	40	720
60	4	2	40	760
60	4	2	40	800
60	4	2	40	840
60	4	2	40	880
60	4	2	40	920
60	4	2	40	960
61	9	5	30	0
61	9	5	30	30
61	9	5	30	60
61	9	5	30	90
61	9	5	30	120
61	9	5	30	150
61	9	5	30	180
61	9	5	30	210
61	9	5	30	240
61	9	5	30	270
61	9	5	30	300
61	9	5	30	330
61	9	5	30	360
61	9	5	30	390
61	9	5	30	420
61	9	5	30	450
61	9	5	30	480
61	9	5	30	510
61	9	5	30	540
61	9	5	30	570
61	9	5	30	600
61	9	5	30	630
61	9	5	30	660
61	9	5	30	690
61	9	5	30	720
61	9	5	30	750
61	9	5	30	780
61	9	5	30	810
61	9	5	30	840
61	9	5	30	870
61	9	5	30	900
61	9	5	30	930
61	9	5	30	960
61	9	5	30	990
62	16	9	40	0
62	16	9	40	40
62	16	9	40	80
62	16	9	40	120
62	16	9	40	160
62	16	9	40	200
62	16	9	40	240
62	16	9	40	280
62	16	9	40	320
62	16	9	40	360
62	16	9	40	400
62	16	9	40	440
62	16	9	40	480
62	16	9	40	520
62	16	9	40	560
62	16	9	40	600
62	16	9	40	640
62	16	9	40	680
62	16	9	40	720
62	16	9	40	760
62	16	9	40	800
62	16	9	40	840
62	16	9	40	880
62	16	9	40	920
62	16	9	40	960
63	14	12	20	0
63	14	12	20	20
63	14	12	20	40
63	14	12	20	60
63	14	12	20	80
63	14	12	20	100
63	14	12	20	120
63	14	12	20	140
63	14	12	20	160
63	14	12	20	180
63	14	12	20	200
63	14	12	20	220
63	14	12	20	240
63	14	12	20	260
63	14	12	20	280
63	14	12	20	300
63	14	12	20	320
63	14	12	20	340
63	14	12	20	360
63	14	12	20	380
63	14	12	20	400
63	14	12	20	420
63	14	12	20	440
63	14	12	20	460
63	14	12	20	480
63	14	12	20	500
63	14	12	20	520
63	14	12	20	540
63	14	12	20	560
63	14	12	20	580
63	14	12	20	600
63	14	12	20	620
63	14	12	20	640
63	14	12	20	660
63	14	12	20	680
63	14	12	20	700
63	14	12	20	720
63	14	12	20	740
63	14	12	20	760
63	14	12	20	780
63	14	12	20	800
63	14	12	20	820
63	14	12	20	840
63	14	12	20	860
63	14	12	20	880
63	14	12	20	900
63	14	12	20	920
63	14	12	20	940
63	14	12	20	960
63	14	12	20	980
64	35	28	50	0
64	35	28	50	50
64	35	28	50	100
64	35	28	50	150
64	35	28	50	200
64	35	28	50	250
64	35	28	50	300
64	35	28	50	350
64	35	28	50	400
64	35	28	50	450
64	35	28	50	500
64	35	28	50	550
64	35	28	50	600
64	35	28	50	650
64	35	28	50	700
64	35	28	50	750
64	35	28	50	800
64	35	28	50	850
64	35	28	50	900
64	35	28	50	950
65	4	3	20	0
65	4	3	20	20
65	4	3	20	40
65	4	3	20	60
65	4	3	20	80
65	4	3	20	100
65	4	3	20	120
65	4	3	20	140
65	4	3	20	160
65	4	3	20	180
65	4	3	20	200
65	4	3	20	220
65	4	3	20	240
65	4	3	20	260
65	4	3	20	280
65	4	3	20	300
65	4	3	20	320
65	4	3	20	340
65	4	3	20	360
65	4	3	20	380
65	4	3	20	400
65	4	3	20	420
65	4	3	20	440
65	4	3	20	460
65	4	3	20	480
65	4	3	20	500
65	4	3	20	520
65	4	3	20	540
65	4	3	20	560
65	4	3	20	580
65	4	3	20	600
65	4	3	20	620
65	4	3	20	640
65	4	3	20	660
65	4	3	20	680
65	4	3	20	700
65	4	3	20	720
65	4	3	20	740
65	4	3	20	760
65	4	3	20	780
65	4	3	20	800
65	4	3	20	820
65	4	3	20	840
65	4	3	20	860
65	4	3	20	880
65	4	3	20	900
65	4	3	20	920
65	4	3	20	940
65	4	3	20	960
65	4	3	20	980
66	15	8	50	0
66	15	8	50	50
66	15	8	50	100
66	15	8	50	150
66	15	8	50	200
66	15	8	50	250
66	15	8	50	300
66	15	8	50	350
66	15	8	50	400
66	15	8	50	450
66	15	8	50	500
66	15	8	50	550
66	15	8	50	600
66	15	8	50	650
66	15	8	50	700
66	15	8	50	750
66	15	8	50	800
66	15	8	50	850
66	15	8	50	900
66	15	8	50	950
67	4	3	20	0
67	4	3	20	20
67	4	3	20	40
67	4	3	20	60
67	4	3	20	80
67	4	3	20	100
67	4	3	20	120
67	4	3	20	140
67	4	3	20	160
67	4	3	20	180
67	4	3	20	200
67	4	3	20	220
67	4	3	20	240
67	4	3	20	260
67	4	3	20	280
67	4	3	20	300
67	4	3	20	320
67	4	3	20	340
67	4	3	20	360
67	4	3	20	380
67	4	3	20	400
67	4	3	20	420
67	4	3	20	440
67	4	3	20	460
67	4	3	20	480
67	4	3	20	500
67	4	3	20	520
67	4	3	20	540
67	4	3	20	560
67	4	3	20	580
67	4	3	20	600
67	4	3	20	620
67	4	3	20	640
67	4	3	20	660
67	4	3	20	680
67	4	3	20	700
67	4	3	20	720
67	4	3	20	740
67	4	3	20	760
67	4	3	20	780
67	4	3	20	800
67	4	3	20	820
67	4	3	20	840
67	4	3	20	860
67	4	3	20	880
67	4	3	20	900
67	4	3	20	920
67	4	3	20	940
67	4	3	20	960
67	4	3	20	980
68	4	3	10	0
68	4	3	10	10
68	4	3	10	20
68	4	3	10	30
68	4	3	10	40
68	4	3	10	50
68	4	3	10	60
68	4	3	10	70
68	4	3	10	80
68	4	3	10	90
68	4	3	10	100
68	4	3	10	110
68	4	3	10	120
68	4	3	10	130
68	4	3	10	140
68	4	3	10	150
68	4	3	10	160
68	4	3	10	170
68	4	3	10	180
68	4	3	10	190
68	4	3	10	200
68	4	3	10	210
68	4	3	10	220
68	4	3	10	230
68	4	3	10	240
68	4	3	10	250
68	4	3	10	260
68	4	3	10	270
68	4	3	10	280
68	4	3	10	290
68	4	3	10	300
68	4	3	10	310
68	4	3	10	320
68	4	3	10	330
68	4	3	10	340
68	4	3	10	350
68	4	3	10	360
68	4	3	10	370
68	4	3	10	380
68	4	3	10	390
68	4	3	10	400
68	4	3	10	410
68	4	3	10	420
68	4	3	10	430
68	4	3	10	440
68	4	3	10	450
68	4	3	10	460
68	4	3	10	470
68	4	3	10	480
68	4	3	10	490
68	4	3	10	500
68	4	3	10	510
68	4	3	10	520
68	4	3	10	530
68	4	3	10	540
68	4	3	10	550
68	4	3	10	560
68	4	3	10	570
68	4	3	10	580
68	4	3	10	590
68	4	3	10	600
68	4	3	10	610
68	4	3	10	620
68	4	3	10	630
68	4	3	10	640
68	4	3	10	650
68	4	3	10	660
68	4	3	10	670
68	4	3	10	680
68	4	3	10	690
68	4	3	10	700
68	4	3	10	710
68	4	3	10	720
68	4	3	10	730
68	4	3	10	740
68	4	3	10	750
68	4	3	10	760
68	4	3	10	770
68	4	3	10	780
68	4	3	10	790
68	4	3	10	800
68	4	3	10	810
68	4	3	10	820
68	4	3	10	830
68	4	3	10	840
68	4	3	10	850
68	4	3	10	860
68	4	3	10	870
68	4	3	10	880
68	4	3	10	890
68	4	3	10	900
68	4	3	10	910
68	4	3	10	920
68	4	3	10	930
68	4	3	10	940
68	4	3	10	950
68	4	3	10	960
68	4	3	10	970
68	4	3	10	980
68	4	3	10	990
69	2	1	10	0
69	2	1	10	10
69	2	1	10	20
69	2	1	10	30
69	2	1	10	40
69	2	1	10	50
69	2	1	10	60
69	2	1	10	70
69	2	1	10	80
69	2	1	10	90
69	2	1	10	100
69	2	1	10	110
69	2	1	10	120
69	2	1	10	130
69	2	1	10	140
69	2	1	10	150
69	2	1	10	160
69	2	1	10	170
69	2	1	10	180
69	2	1	10	190
69	2	1	10	200
69	2	1	10	210
69	2	1	10	220
69	2	1	10	230
69	2	1	10	240
69	2	1	10	250
69	2	1	10	260
69	2	1	10	270
69	2	1	10	280
69	2	1	10	290
69	2	1	10	300
69	2	1	10	310
69	2	1	10	320
69	2	1	10	330
69	2	1	10	340
69	2	1	10	350
69	2	1	10	360
69	2	1	10	370
69	2	1	10	380
69	2	1	10	390
69	2	1	10	400
69	2	1	10	410
69	2	1	10	420
69	2	1	10	430
69	2	1	10	440
69	2	1	10	450
69	2	1	10	460
69	2	1	10	470
69	2	1	10	480
69	2	1	10	490
69	2	1	10	500
69	2	1	10	510
69	2	1	10	520
69	2	1	10	530
69	2	1	10	540
69	2	1	10	550
69	2	1	10	560
69	2	1	10	570
69	2	1	10	580
69	2	1	10	590
69	2	1	10	600
69	2	1	10	610
69	2	1	10	620
69	2	1	10	630
69	2	1	10	640
69	2	1	10	650
69	2	1	10	660
69	2	1	10	670
69	2	1	10	680
69	2	1	10	690
69	2	1	10	700
69	2	1	10	710
69	2	1	10	720
69	2	1	10	730
69	2	1	10	740
69	2	1	10	750
69	2	1	10	760
69	2	1	10	770
69	2	1	10	780
69	2	1	10	790
69	2	1	10	800
69	2	1	10	810
69	2	1	10	820
69	2	1	10	830
69	2	1	10	840
69	2	1	10	850
69	2	1	10	860
69	2	1	10	870
69	2	1	10	880
69	2	1	10	890
69	2	1	10	900
69	2	1	10	910
69	2	1	10	920
69	2	1	10	930
69	2	1	10	940
69	2	1	10	950
69	2	1	10	960
69	2	1	10	970
69	2	1	10	980
69	2	1	10	990
70	4	3	40	0
70	4	3	40	40
70	4	3	40	80
70	4	3	40	120
70	4	3	40	160
70	4	3	40	200
70	4	3	40	240
70	4	3	40	280
70	4	3	40	320
70	4	3	40	360
70	4	3	40	400
70	4	3	40	440
70	4	3	40	480
70	4	3	40	520
70	4	3	40	560
70	4	3	40	600
70	4	3	40	640
70	4	3	40	680
70	4	3	40	720
70	4	3	40	760
70	4	3	40	800
70	4	3	40	840
70	4	3	40	880
70	4	3	40	920
70	4	3	40	960
71	18	14	60	0
71	18	14	60	60
71	18	14	60	120
71	18	14	60	180
71	18	14	60	240
71	18	14	60	300
71	18	14	60	360
71	18	14	60	420
71	18	14	60	480
71	18	14	60	540
71	18	14	60	600
71	18	14	60	660
71	18	14	60	720
71	18	14	60	780
71	18	14	60	840
71	18	14	60	900
71	18	14	60	960
72	2	2	10	0
72	2	2	10	10
72	2	2	10	20
72	2	2	10	30
72	2	2	10	40
72	2	2	10	50
72	2	2	10	60
72	2	2	10	70
72	2	2	10	80
72	2	2	10	90
72	2	2	10	100
72	2	2	10	110
72	2	2	10	120
72	2	2	10	130
72	2	2	10	140
72	2	2	10	150
72	2	2	10	160
72	2	2	10	170
72	2	2	10	180
72	2	2	10	190
72	2	2	10	200
72	2	2	10	210
72	2	2	10	220
72	2	2	10	230
72	2	2	10	240
72	2	2	10	250
72	2	2	10	260
72	2	2	10	270
72	2	2	10	280
72	2	2	10	290
72	2	2	10	300
72	2	2	10	310
72	2	2	10	320
72	2	2	10	330
72	2	2	10	340
72	2	2	10	350
72	2	2	10	360
72	2	2	10	370
72	2	2	10	380
72	2	2	10	390
72	2	2	10	400
72	2	2	10	410
72	2	2	10	420
72	2	2	10	430
72	2	2	10	440
72	2	2	10	450
72	2	2	10	460
72	2	2	10	470
72	2	2	10	480
72	2	2	10	490
72	2	2	10	500
72	2	2	10	510
72	2	2	10	520
72	2	2	10	530
72	2	2	10	540
72	2	2	10	550
72	2	2	10	560
72	2	2	10	570
72	2	2	10	580
72	2	2	10	590
72	2	2	10	600
72	2	2	10	610
72	2	2	10	620
72	2	2	10	630
72	2	2	10	640
72	2	2	10	650
72	2	2	10	660
72	2	2	10	670
72	2	2	10	680
72	2	2	10	690
72	2	2	10	700
72	2	2	10	710
72	2	2	10	720
72	2	2	10	730
72	2	2	10	740
72	2	2	10	750
72	2	2	10	760
72	2	2	10	770
72	2	2	10	780
72	2	2	10	790
72	2	2	10	800
72	2	2	10	810
72	2	2	10	820
72	2	2	10	830
72	2	2	10	840
72	2	2	10	850
72	2	2	10	860
72	2	2	10	870
72	2	2	10	880
72	2	2	10	890
72	2	2	10	900
72	2	2	10	910
72	2	2	10	920
72	2	2	10	930
72	2	2	10	940
72	2	2	10	950
72	2	2	10	960
72	2	2	10	970
72	2	2	10	980
72	2	2	10	990
73	2	1	10	0
73	2	1	10	10
73	2	1	10	20
73	2	1	10	30
73	2	1	10	40
73	2	1	10	50
73	2	1	10	60
73	2	1	10	70
73	2	1	10	80
73	2	1	10	90
73	2	1	10	100
73	2	1	10	110
73	2	1	10	120
73	2	1	10	130
73	2	1	10	140
73	2	1	10	150
73	2	1	10	160
73	2	1	10	170
73	2	1	10	180
73	2	1	10	190
73	2	1	10	200
73	2	1	10	210
73	2	1	10	220
73	2	1	10	230
73	2	1	10	240
73	2	1	10	250
73	2	1	10	260
73	2	1	10	270
73	2	1	10	280
73	2	1	10	290
73	2	1	10	300
73	2	1	10	310
73	2	1	10	320
73	2	1	10	330
73	2	1	10	340
73	2	1	10	350
73	2	1	10	360
73	2	1	10	370
73	2	1	10	380
73	2	1	10	390
73	2	1	10	400
73	2	1	10	410
73	2	1	10	420
73	2	1	10	430
73	2	1	10	440
73	2	1	10	450
73	2	1	10	460
73	2	1	10	470
73	2	1	10	480
73	2	1	10	490
73	2	1	10	500
73	2	1	10	510
73	2	1	10	520
73	2	1	10	530
73	2	1	10	540
73	2	1	10	550
73	2	1	10	560
73	2	1	10	570
73	2	1	10	580
73	2	1	10	590
73	2	1	10	600
73	2	1	10	610
73	2	1	10	620
73	2	1	10	630
73	2	1	10	640
73	2	1	10	650
73	2	1	10	660
73	2	1	10	670
73	2	1	10	680
73	2	1	10	690
73	2	1	10	700
73	2	1	10	710
73	2	1	10	720
73	2	1	10	730
73	2	1	10	740
73	2	1	10	750
73	2	1	10	760
73	2	1	10	770
73	2	1	10	780
73	2	1	10	790
73	2	1	10	800
73	2	1	10	810
73	2	1	10	820
73	2	1	10	830
73	2	1	10	840
73	2	1	10	850
73	2	1	10	860
73	2	1	10	870
73	2	1	10	880
73	2	1	10	890
73	2	1	10	900
73	2	1	10	910
73	2	1	10	920
73	2	1	10	930
73	2	1	10	940
73	2	1	10	950
73	2	1	10	960
73	2	1	10	970
73	2	1	10	980
73	2	1	10	990
74	20	11	50	0
74	20	11	50	50
74	20	11	50	100
74	20	11	50	150
74	20	11	50	200
74	20	11	50	250
74	20	11	50	300
74	20	11	50	350
74	20	11	50	400
74	20	11	50	450
74	20	11	50	500
74	20	11	50	550
74	20	11	50	600
74	20	11	50	650
74	20	11	50	700
74	20	11	50	750
74	20	11	50	800
74	20	11	50	850
74	20	11	50	900
74	20	11	50	950
75	5	2	50	0
75	5	2	50	50
75	5	2	50	100
75	5	2	50	150
75	5	2	50	200
75	5	2	50	250
75	5	2	50	300
75	5	2	50	350
75	5	2	50	400
75	5	2	50	450
75	5	2	50	500
75	5	2	50	550
75	5	2	50	600
75	5	2	50	650
75	5	2	50	700
75	5	2	50	750
75	5	2	50	800
75	5	2	50	850
75	5	2	50	900
75	5	2	50	950
76	6	5	10	0
76	6	5	10	10
76	6	5	10	20
76	6	5	10	30
76	6	5	10	40
76	6	5	10	50
76	6	5	10	60
76	6	5	10	70
76	6	5	10	80
76	6	5	10	90
76	6	5	10	100
76	6	5	10	110
76	6	5	10	120
76	6	5	10	130
76	6	5	10	140
76	6	5	10	150
76	6	5	10	160
76	6	5	10	170
76	6	5	10	180
76	6	5	10	190
76	6	5	10	200
76	6	5	10	210
76	6	5	10	220
76	6	5	10	230
76	6	5	10	240
76	6	5	10	250
76	6	5	10	260
76	6	5	10	270
76	6	5	10	280
76	6	5	10	290
76	6	5	10	300
76	6	5	10	310
76	6	5	10	320
76	6	5	10	330
76	6	5	10	340
76	6	5	10	350
76	6	5	10	360
76	6	5	10	370
76	6	5	10	380
76	6	5	10	390
76	6	5	10	400
76	6	5	10	410
76	6	5	10	420
76	6	5	10	430
76	6	5	10	440
76	6	5	10	450
76	6	5	10	460
76	6	5	10	470
76	6	5	10	480
76	6	5	10	490
76	6	5	10	500
76	6	5	10	510
76	6	5	10	520
76	6	5	10	530
76	6	5	10	540
76	6	5	10	550
76	6	5	10	560
76	6	5	10	570
76	6	5	10	580
76	6	5	10	590
76	6	5	10	600
76	6	5	10	610
76	6	5	10	620
76	6	5	10	630
76	6	5	10	640
76	6	5	10	650
76	6	5	10	660
76	6	5	10	670
76	6	5	10	680
76	6	5	10	690
76	6	5	10	700
76	6	5	10	710
76	6	5	10	720
76	6	5	10	730
76	6	5	10	740
76	6	5	10	750
76	6	5	10	760
76	6	5	10	770
76	6	5	10	780
76	6	5	10	790
76	6	5	10	800
76	6	5	10	810
76	6	5	10	820
76	6	5	10	830
76	6	5	10	840
76	6	5	10	850
76	6	5	10	860
76	6	5	10	870
76	6	5	10	880
76	6	5	10	890
76	6	5	10	900
76	6	5	10	910
76	6	5	10	920
76	6	5	10	930
76	6	5	10	940
76	6	5	10	950
76	6	5	10	960
76	6	5	10	970
76	6	5	10	980
76	6	5	10	990
77	18	9	30	0
77	18	9	30	30
77	18	9	30	60
77	18	9	30	90
77	18	9	30	120
77	18	9	30	150
77	18	9	30	180
77	18	9	30	210
77	18	9	30	240
77	18	9	30	270
77	18	9	30	300
77	18	9	30	330
77	18	9	30	360
77	18	9	30	390
77	18	9	30	420
77	18	9	30	450
77	18	9	30	480
77	18	9	30	510
77	18	9	30	540
77	18	9	30	570
77	18	9	30	600
77	18	9	30	630
77	18	9	30	660
77	18	9	30	690
77	18	9	30	720
77	18	9	30	750
77	18	9	30	780
77	18	9	30	810
77	18	9	30	840
77	18	9	30	870
77	18	9	30	900
77	18	9	30	930
77	18	9	30	960
77	18	9	30	990
78	4	2	40	0
78	4	2	40	40
78	4	2	40	80
78	4	2	40	120
78	4	2	40	160
78	4	2	40	200
78	4	2	40	240
78	4	2	40	280
78	4	2	40	320
78	4	2	40	360
78	4	2	40	400
78	4	2	40	440
78	4	2	40	480
78	4	2	40	520
78	4	2	40	560
78	4	2	40	600
78	4	2	40	640
78	4	2	40	680
78	4	2	40	720
78	4	2	40	760
78	4	2	40	800
78	4	2	40	840
78	4	2	40	880
78	4	2	40	920
78	4	2	40	960
79	24	22	60	0
79	24	22	60	60
79	24	22	60	120
79	24	22	60	180
79	24	22	60	240
79	24	22	60	300
79	24	22	60	360
79	24	22	60	420
79	24	22	60	480
79	24	22	60	540
79	24	22	60	600
79	24	22	60	660
79	24	22	60	720
79	24	22	60	780
79	24	22	60	840
79	24	22	60	900
79	24	22	60	960
80	4	3	20	0
80	4	3	20	20
80	4	3	20	40
80	4	3	20	60
80	4	3	20	80
80	4	3	20	100
80	4	3	20	120
80	4	3	20	140
80	4	3	20	160
80	4	3	20	180
80	4	3	20	200
80	4	3	20	220
80	4	3	20	240
80	4	3	20	260
80	4	3	20	280
80	4	3	20	300
80	4	3	20	320
80	4	3	20	340
80	4	3	20	360
80	4	3	20	380
80	4	3	20	400
80	4	3	20	420
80	4	3	20	440
80	4	3	20	460
80	4	3	20	480
80	4	3	20	500
80	4	3	20	520
80	4	3	20	540
80	4	3	20	560
80	4	3	20	580
80	4	3	20	600
80	4	3	20	620
80	4	3	20	640
80	4	3	20	660
80	4	3	20	680
80	4	3	20	700
80	4	3	20	720
80	4	3	20	740
80	4	3	20	760
80	4	3	20	780
80	4	3	20	800
80	4	3	20	820
80	4	3	20	840
80	4	3	20	860
80	4	3	20	880
80	4	3	20	900
80	4	3	20	920
80	4	3	20	940
80	4	3	20	960
80	4	3	20	980
81	4	2	40	0
81	4	2	40	40
81	4	2	40	80
81	4	2	40	120
81	4	2	40	160
81	4	2	40	200
81	4	2	40	240
81	4	2	40	280
81	4	2	40	320
81	4	2	40	360
81	4	2	40	400
81	4	2	40	440
81	4	2	40	480
81	4	2	40	520
81	4	2	40	560
81	4	2	40	600
81	4	2	40	640
81	4	2	40	680
81	4	2	40	720
81	4	2	40	760
81	4	2	40	800
81	4	2	40	840
81	4	2	40	880
81	4	2	40	920
81	4	2	40	960
82	20	18	50	0
82	20	18	50	50
82	20	18	50	100
82	20	18	50	150
82	20	18	50	200
82	20	18	50	250
82	20	18	50	300
82	20	18	50	350
82	20	18	50	400
82	20	18	50	450
82	20	18	50	500
82	20	18	50	550
82	20	18	50	600
82	20	18	50	650
82	20	18	50	700
82	20	18	50	750
82	20	18	50	800
82	20	18	50	850
82	20	18	50	900
82	20	18	50	950
83	9	7	30	0
83	9	7	30	30
83	9	7	30	60
83	9	7	30	90
83	9	7	30	120
83	9	7	30	150
83	9	7	30	180
83	9	7	30	210
83	9	7	30	240
83	9	7	30	270
83	9	7	30	300
83	9	7	30	330
83	9	7	30	360
83	9	7	30	390
83	9	7	30	420
83	9	7	30	450
83	9	7	30	480
83	9	7	30	510
83	9	7	30	540
83	9	7	30	570
83	9	7	30	600
83	9	7	30	630
83	9	7	30	660
83	9	7	30	690
83	9	7	30	720
83	9	7	30	750
83	9	7	30	780
83	9	7	30	810
83	9	7	30	840
83	9	7	30	870
83	9	7	30	900
83	9	7	30	930
83	9	7	30	960
83	9	7	30	990
84	28	20	40	0
84	28	20	40	40
84	28	20	40	80
84	28	20	40	120
84	28	20	40	160
84	28	20	40	200
84	28	20	40	240
84	28	20	40	280
84	28	20	40	320
84	28	20	40	360
84	28	20	40	400
84	28	20	40	440
84	28	20	40	480
84	28	20	40	520
84	28	20	40	560
84	28	20	40	600
84	28	20	40	640
84	28	20	40	680
84	28	20	40	720
84	28	20	40	760
84	28	20	40	800
84	28	20	40	840
84	28	20	40	880
84	28	20	40	920
84	28	20	40	960
85	12	6	40	0
85	12	6	40	40
85	12	6	40	80
85	12	6	40	120
85	12	6	40	160
85	12	6	40	200
85	12	6	40	240
85	12	6	40	280
85	12	6	40	320
85	12	6	40	360
85	12	6	40	400
85	12	6	40	440
85	12	6	40	480
85	12	6	40	520
85	12	6	40	560
85	12	6	40	600
85	12	6	40	640
85	12	6	40	680
85	12	6	40	720
85	12	6	40	760
85	12	6	40	800
85	12	6	40	840
85	12	6	40	880
85	12	6	40	920
85	12	6	40	960
86	5	2	50	0
86	5	2	50	50
86	5	2	50	100
86	5	2	50	150
86	5	2	50	200
86	5	2	50	250
86	5	2	50	300
86	5	2	50	350
86	5	2	50	400
86	5	2	50	450
86	5	2	50	500
86	5	2	50	550
86	5	2	50	600
86	5	2	50	650
86	5	2	50	700
86	5	2	50	750
86	5	2	50	800
86	5	2	50	850
86	5	2	50	900
86	5	2	50	950
87	4	2	10	0
87	4	2	10	10
87	4	2	10	20
87	4	2	10	30
87	4	2	10	40
87	4	2	10	50
87	4	2	10	60
87	4	2	10	70
87	4	2	10	80
87	4	2	10	90
87	4	2	10	100
87	4	2	10	110
87	4	2	10	120
87	4	2	10	130
87	4	2	10	140
87	4	2	10	150
87	4	2	10	160
87	4	2	10	170
87	4	2	10	180
87	4	2	10	190
87	4	2	10	200
87	4	2	10	210
87	4	2	10	220
87	4	2	10	230
87	4	2	10	240
87	4	2	10	250
87	4	2	10	260
87	4	2	10	270
87	4	2	10	280
87	4	2	10	290
87	4	2	10	300
87	4	2	10	310
87	4	2	10	320
87	4	2	10	330
87	4	2	10	340
87	4	2	10	350
87	4	2	10	360
87	4	2	10	370
87	4	2	10	380
87	4	2	10	390
87	4	2	10	400
87	4	2	10	410
87	4	2	10	420
87	4	2	10	430
87	4	2	10	440
87	4	2	10	450
87	4	2	10	460
87	4	2	10	470
87	4	2	10	480
87	4	2	10	490
87	4	2	10	500
87	4	2	10	510
87	4	2	10	520
87	4	2	10	530
87	4	2	10	540
87	4	2	10	550
87	4	2	10	560
87	4	2	10	570
87	4	2	10	580
87	4	2	10	590
87	4	2	10	600
87	4	2	10	610
87	4	2	10	620
87	4	2	10	630
87	4	2	10	640
87	4	2	10	650
87	4	2	10	660
87	4	2	10	670
87	4	2	10	680
87	4	2	10	690
87	4	2	10	700
87	4	2	10	710
87	4	2	10	720
87	4	2	10	730
87	4	2	10	740
87	4	2	10	750
87	4	2	10	760
87	4	2	10	770
87	4	2	10	780
87	4	2	10	790
87	4	2	10	800
87	4	2	10	810
87	4	2	10	820
87	4	2	10	830
87	4	2	10	840
87	4	2	10	850
87	4	2	10	860
87	4	2	10	870
87	4	2	10	880
87	4	2	10	890
87	4	2	10	900
87	4	2	10	910
87	4	2	10	920
87	4	2	10	930
87	4	2	10	940
87	4	2	10	950
87	4	2	10	960
87	4	2	10	970
87	4	2	10	980
87	4	2	10	990
88	3	2	30	0
88	3	2	30	30
88	3	2	30	60
88	3	2	30	90
88	3	2	30	120
88	3	2	30	150
88	3	2	30	180
88	3	2	30	210
88	3	2	30	240
88	3	2	30	270
88	3	2	30	300
88	3	2	30	330
88	3	2	30	360
88	3	2	30	390
88	3	2	30	420
88	3	2	30	450
88	3	2	30	480
88	3	2	30	510
88	3	2	30	540
88	3	2	30	570
88	3	2	30	600
88	3	2	30	630
88	3	2	30	660
88	3	2	30	690
88	3	2	30	720
88	3	2	30	750
88	3	2	30	780
88	3	2	30	810
88	3	2	30	840
88	3	2	30	870
88	3	2	30	900
88	3	2	30	930
88	3	2	30	960
88	3	2	30	990
